1.00
0.20
0.47
0.00
0.00
0.00
0.00
0.00
0.00
0.00
0.00
1.00
1.00
1.00
1.00
1.00
1.00
1.00
1.00
0.36
0.31
0.00
0.00
0.00
0.00
0.00
0.00
0.00
0.00
0.00
0.00
0.00
1.00
0.00
0.00
0.00
0.00
1.00
1.00
1.00
1.00
1.00
1.00
1.00
0.18
0.00
0.00
0.00
0.00
0.00
0.00
0.00
0.00
0.00
0.00
0.00
0.00
0.86
0.00
0.15
0.28
1.00
1.00
0.00
0.04
0.00
0.00
0.00
0.00
0.00
0.00
0.00
1.00
1.00
1.00
0.21
1.00
1.00
1.00
0.10
1.00
1.00
1.00
1.00
1.00
1.00
1.00
1.00
1.00
1.00
1.00
1.00
0.66
0.00
0.41
1.00
1.00
0.42
0.23
0.35
0.00
0.00
0.00
0.00
0.00
0.00
1.00
0.00
0.00
0.00
0.00
0.00
0.00
0.00
0.00
0.00
0.00
0.00
0.00
0.00
0.00
0.00
0.00
0.00
0.00
0.34
0.00
0.00
0.00
0.00
0.00
0.00
0.00
0.00
0.00
0.67
0.72
0.00
0.31
0.00
0.96
0.40
0.00
0.00
0.00
0.00
1.00
0.00
0.70
0.89
0.89
0.00
0.68
0.00
0.00
0.00
0.00
0.00
0.00
0.00
0.00
0.00
0.00
0.00
0.72
0.63
0.11
0.69
0.00
0.92
1.00
0.86
0.42
0.00
0.00
0.84
0.80
0.00
1.00
1.00
1.00
1.00
1.00
1.00
1.00
1.00
0.73
0.00
0.00
0.00
0.00
1.00
0.15
0.00
1.00
0.00
0.00
0.00
0.00
1.00
1.00
1.00
1.00
0.01
1.00
0.00
0.20
0.03
1.00
0.00
0.96
1.00
0.73
0.00
0.55
0.00
0.41
0.00
0.03
0.05
0.00
0.00
0.00
0.00
0.00
0.00
0.00
0.00
0.00
0.00
0.00
0.00
0.00
0.00
0.00
0.12
0.00
0.10
0.27
0.14
0.22
0.31
0.37
0.00
0.00
0.00
0.00
0.00
0.00
0.00
0.31
0.00
0.00
0.00
0.00
0.00
0.00
0.00
0.00
0.00
0.00
0.00
1.00
0.00
0.00
0.00
0.00
1.00
1.00
1.00
1.00
1.00
1.00
1.00
0.18
0.00
0.00
0.00
0.00
0.00
0.00
0.00
0.00
0.00
0.00
0.00
0.00
0.85
0.00
0.16
0.29
1.00
1.00
0.00
0.05
0.00
0.00
0.00
0.00
0.00
0.00
0.00
1.00
1.00
1.00
0.22
1.00
1.00
1.00
0.11
1.00
1.00
1.00
1.00
1.00
1.00
1.00
1.00
1.00
1.00
1.00
1.00
0.66
0.00
1.00
1.00
0.42
0.24
0.36
0.00
0.00
0.00
0.00
0.00
0.00
1.00
0.00
0.00
0.00
0.00
0.00
0.00
0.00
0.00
0.00
0.00
0.00
0.00
0.00
0.00
0.00
0.00
0.00
0.00
0.34
0.00
0.00
0.00
0.00
0.00
0.00
0.00
0.00
0.00
0.62
0.66
0.00
0.25
0.00
0.96
0.40
0.00
0.00
0.00
0.00
1.00
0.00
0.70
0.88
0.85
0.00
0.00
0.00
0.00
0.00
0.00
0.00
0.00
0.00
0.00
0.00
0.63
0.12
0.70
0.89
1.00
0.86
0.36
0.00
0.00
0.80
0.00
1.00
1.00
1.00
1.00
1.00
1.00
1.00
1.00
0.73
0.00
0.00
0.00
0.00
1.00
0.11
0.00
1.00
0.00
0.00
1.00
1.00
0.01
1.00
0.00
0.20
0.02
1.00
0.00
0.94
1.00
0.72
0.00
0.53
0.00
0.41
0.00
0.04
0.06
0.00
0.00
0.00
0.00
0.00
0.00
0.00
0.00
0.00
0.00
0.00
0.00
0.00
0.00
0.00
0.13
0.00
0.11
0.27
0.15
0.23
0.31
0.37
0.00
0.00
0.00
0.00
0.00
0.00
0.00
0.00
0.00
0.00
0.00
0.00
0.00
0.00
0.00
